102 108 113 118 123 128 133 138 143 149 154 159 164 169 174
106 111 116 122 127 132 138 143 148 153 159 164 169 175 180
109 115 120 126 131 137 142 148 153 159 164 170 175 180 186
113 119 124 130 135 141 147 152 158 164 169 175 181 186 192
117 122 128 134 140 146 151 157 163 169 175 181 186 192 198
120 126 132 138 144 150 156 162 168 174 180 186 192 198 204
124 130 136 143 149 155 161 167 173 180 186 192 198 204 211
128 134 140 147 153 160 166 172 179 185 192 198 204 211 217
132 138 145 151 158 164 171 178 184 191 197 204 210 217 224
135 142 149 156 163 169 176 183 190 196 203 210 217 223 230
139 146 153 160 167 174 181 188 195 202 209 216 223 230 237
143 151 158 165 172 179 186 194 201 208 215 222 229 237 244
147 155 162 170 177 184 192 199 206 214 221 229 236 243 251
152 159 167 174 182 190 197 205 212 220 227 235 243 250 258
156 164 171 179 187 195 203 210 218 226 234 241 249 257 265
160 168 176 184 192 200 208 216 224 232 240 248 256 264 272
164 173 181 189 197 205 214 222 230 238 246 255 263 271 279
